스텝#	시간(s)	ampZ	fourthRoot	correctedRoot	freq(Hz)	kf	scaleFactor	L0	pocketScale	Lscaled	minStride	maxStride	Lfinal	Lsmoothed	profile
1	14.384	3.3149	1.3493	1.3493	0.0000	0.3170	1.00	0.4277	1.0000	0.4277	0.25	1.40	0.4277	0.4200	OnHand
2	14.999	3.9483	1.4096	1.4096	1.6234	0.4050	1.00	0.5710	1.0000	0.5710	0.25	1.40	0.5710	0.5700	OnHand
3	15.740	4.5176	1.4579	1.4461	1.3495	0.3731	1.00	0.5395	1.0000	0.5395	0.25	1.40	0.5395	0.5100	OnHand
4	16.142	4.8365	1.4830	1.4536	2.4876	0.5439	1.00	0.7907	1.0000	0.7907	0.25	1.40	0.7907	0.5800	OnHand
5	16.799	5.0396	1.4983	1.4582	1.5221	0.3922	1.00	0.5719	1.0000	0.5719	0.25	1.40	0.5719	0.5800	OnHand
6	17.244	5.1633	1.5074	1.4609	2.2472	0.5031	1.00	0.7350	1.0000	0.7350	0.25	1.40	0.7350	0.6400	OnHand
7	17.944	5.1633	1.5074	1.4609	1.4286	0.3814	1.00	0.5573	1.0000	0.5573	0.25	1.40	0.5573	0.6300	OnHand
8	18.347	5.1633	1.5074	1.4609	2.4814	0.5429	1.00	0.7932	1.0000	0.7932	0.25	1.40	0.7932	0.6800	OnHand
9	19.089	5.1633	1.5074	1.4609	1.3459	0.3727	1.00	0.5446	1.0000	0.5446	0.25	1.40	0.5446	0.6400	OnHand
10	19.704	5.1633	1.5074	1.4609	1.6287	0.4057	1.00	0.5928	1.0000	0.5928	0.25	1.40	0.5928	0.6400	OnHand
11	20.212	5.1633	1.5074	1.4609	1.9685	0.4563	1.00	0.6666	1.0000	0.6666	0.25	1.40	0.6666	0.6300	OnHand
12	20.636	5.3592	1.5215	1.4652	2.3585	0.5222	1.00	0.7650	1.0000	0.7650	0.25	1.40	0.7650	0.6700	OnHand
13	21.336	5.3592	1.5215	1.4652	1.4286	0.3814	1.00	0.5589	1.0000	0.5589	0.25	1.40	0.5589	0.6200	OnHand
14	21.781	5.3592	1.5215	1.4652	2.2472	0.5031	1.00	0.7372	1.0000	0.7372	0.25	1.40	0.7372	0.6600	OnHand
15	22.480	5.3592	1.5215	1.4652	1.4286	0.3814	1.00	0.5589	1.0000	0.5589	0.25	1.40	0.5589	0.6500	OnHand
16	23.119	5.3592	1.5215	1.4652	1.5699	0.3981	1.00	0.5833	1.0000	0.5833	0.25	1.40	0.5833	0.6400	OnHand
17	23.606	5.3592	1.5215	1.4652	2.0492	0.4696	1.00	0.6880	1.0000	0.6880	0.25	1.40	0.6880	0.6200	OnHand
18	24.685	5.3592	1.5215	1.4652	0.9268	0.3405	1.00	0.4989	1.0000	0.4989	0.25	1.40	0.4989	0.6100	OnHand
19	25.088	5.3592	1.5215	1.4652	2.4814	0.5429	1.00	0.7954	1.0000	0.7954	0.25	1.40	0.7954	0.6200	OnHand
20	25.766	5.3592	1.5215	1.4652	1.4728	0.3864	1.00	0.5662	1.0000	0.5662	0.25	1.40	0.5662	0.6200	OnHand
21	26.404	5.3592	1.5215	1.4652	1.5748	0.3988	1.00	0.5842	1.0000	0.5842	0.25	1.40	0.5842	0.6200	OnHand
22	26.912	5.3592	1.5215	1.4652	1.9646	0.4557	1.00	0.6676	1.0000	0.6676	0.25	1.40	0.6676	0.6200	OnHand
23	27.526	5.3592	1.5215	1.4652	1.6260	0.4054	1.00	0.5940	1.0000	0.5940	0.25	1.40	0.5940	0.6400	OnHand
24	28.013	5.3592	1.5215	1.4652	2.0534	0.4703	1.00	0.6890	1.0000	0.6890	0.25	1.40	0.6890	0.6200	OnHand
25	28.629	5.3592	1.5215	1.4652	1.6234	0.4050	1.00	0.5935	1.0000	0.5935	0.25	1.40	0.5935	0.6200	OnHand
26	29.139	5.3592	1.5215	1.4652	1.9646	0.4557	1.00	0.6676	1.0000	0.6676	0.25	1.40	0.6676	0.6400	OnHand
27	29.774	5.3592	1.5215	1.4652	1.5748	0.3988	1.00	0.5842	1.0000	0.5842	0.25	1.40	0.5842	0.6200	OnHand
28	30.239	5.3592	1.5215	1.4652	2.1413	0.4851	1.00	0.7107	1.0000	0.7107	0.25	1.40	0.7107	0.6400	OnHand
29	30.707	5.3592	1.5215	1.4652	2.1459	0.4858	1.00	0.7118	1.0000	0.7118	0.25	1.40	0.7118	0.6500	OnHand
30	31.384	5.3592	1.5215	1.4652	1.4749	0.3867	1.00	0.5665	1.0000	0.5665	0.25	1.40	0.5665	0.6400	OnHand
31	31.808	5.3592	1.5215	1.4652	2.3585	0.5222	1.00	0.7650	1.0000	0.7650	0.25	1.40	0.7650	0.6600	OnHand
32	32.485	5.3592	1.5215	1.4652	1.4749	0.3867	1.00	0.5665	1.0000	0.5665	0.25	1.40	0.5665	0.6600	OnHand
33	32.953	5.3592	1.5215	1.4652	2.1413	0.4851	1.00	0.7107	1.0000	0.7107	0.25	1.40	0.7107	0.6600	OnHand
34	33.695	5.3592	1.5215	1.4652	1.3477	0.3729	1.00	0.5464	1.0000	0.5464	0.25	1.40	0.5464	0.6300	OnHand
35	34.161	5.3592	1.5215	1.4652	2.1459	0.4858	1.00	0.7118	1.0000	0.7118	0.25	1.40	0.7118	0.6600	OnHand
36	34.904	5.3592	1.5215	1.4652	1.3477	0.3729	1.00	0.5464	1.0000	0.5464	0.25	1.40	0.5464	0.6100	OnHand
37	35.518	5.3592	1.5215	1.4652	1.6260	0.4054	1.00	0.5940	1.0000	0.5940	0.25	1.40	0.5940	0.6200	OnHand
38	36.683	5.3592	1.5215	1.4652	0.8576	0.3369	1.00	0.4936	1.0000	0.4936	0.25	1.40	0.4936	0.5700	OnHand
39	37.170	5.3592	1.5215	1.4652	2.0534	0.4703	1.00	0.6890	1.0000	0.6890	0.25	1.40	0.6890	0.6000	OnHand
40	37.785	5.3592	1.5215	1.4652	1.6260	0.4054	1.00	0.5940	1.0000	0.5940	0.25	1.40	0.5940	0.5800	OnHand
41	38.293	5.3592	1.5215	1.4652	1.9685	0.4563	1.00	0.6686	1.0000	0.6686	0.25	1.40	0.6686	0.6000	OnHand
42	38.909	5.3592	1.5215	1.4652	1.6260	0.4054	1.00	0.5940	1.0000	0.5940	0.25	1.40	0.5940	0.6000	OnHand
43	39.399	5.3592	1.5215	1.4652	2.0408	0.4682	1.00	0.6860	1.0000	0.6860	0.25	1.40	0.6860	0.6400	OnHand
44	39.992	5.3592	1.5215	1.4652	1.6892	0.4140	1.00	0.6065	1.0000	0.6065	0.25	1.40	0.6065	0.6200	OnHand
45	40.500	5.3592	1.5215	1.4652	1.9646	0.4557	1.00	0.6676	1.0000	0.6676	0.25	1.40	0.6676	0.6400	OnHand
46	41.073	5.3592	1.5215	1.4652	1.7452	0.4219	1.00	0.6182	1.0000	0.6182	0.25	1.40	0.6182	0.6300	OnHand
47	41.624	5.3592	1.5215	1.4652	1.8182	0.4327	1.00	0.6340	1.0000	0.6340	0.25	1.40	0.6340	0.6400	OnHand
48	42.196	5.3592	1.5215	1.4652	1.7452	0.4219	1.00	0.6182	1.0000	0.6182	0.25	1.40	0.6182	0.6200	OnHand
49	42.732	5.3592	1.5215	1.4652	1.8622	0.4394	1.00	0.6439	1.0000	0.6439	0.25	1.40	0.6439	0.6300	OnHand
50	43.300	5.3592	1.5215	1.4652	1.7637	0.4246	1.00	0.6221	1.0000	0.6221	0.25	1.40	0.6221	0.6200	OnHand
51	43.805	5.3592	1.5215	1.4652	1.9763	0.4576	1.00	0.6704	1.0000	0.6704	0.25	1.40	0.6704	0.6300	OnHand
52	44.378	5.3592	1.5215	1.4652	1.7452	0.4219	1.00	0.6182	1.0000	0.6182	0.25	1.40	0.6182	0.6300	OnHand
53	44.867	5.3592	1.5215	1.4652	2.0534	0.4703	1.00	0.6890	1.0000	0.6890	0.25	1.40	0.6890	0.6400	OnHand
54	45.419	5.3592	1.5215	1.4652	1.8083	0.4312	1.00	0.6318	1.0000	0.6318	0.25	1.40	0.6318	0.6400	OnHand
55	45.930	5.3592	1.5215	1.4652	1.9531	0.4538	1.00	0.6649	1.0000	0.6649	0.25	1.40	0.6649	0.6500	OnHand
56	46.521	5.3592	1.5215	1.4652	1.6978	0.4152	1.00	0.6083	1.0000	0.6083	0.25	1.40	0.6083	0.6400	OnHand
57	47.029	5.3592	1.5215	1.4652	1.9646	0.4557	1.00	0.6676	1.0000	0.6676	0.25	1.40	0.6676	0.6500	OnHand
58	47.624	5.3592	1.5215	1.4652	1.6835	0.4132	1.00	0.6054	1.0000	0.6054	0.25	1.40	0.6054	0.6300	OnHand
59	48.109	5.3592	1.5215	1.4652	2.0534	0.4703	1.00	0.6890	1.0000	0.6890	0.25	1.40	0.6890	0.6400	OnHand
60	48.723	5.3592	1.5215	1.4652	1.6287	0.4057	1.00	0.5945	1.0000	0.5945	0.25	1.40	0.5945	0.6300	OnHand
61	49.211	5.3592	1.5215	1.4652	2.0492	0.4696	1.00	0.6880	1.0000	0.6880	0.25	1.40	0.6880	0.6400	OnHand
62	49.763	5.3592	1.5215	1.4652	1.8149	0.4322	1.00	0.6333	1.0000	0.6333	0.25	1.40	0.6333	0.6400	OnHand
63	50.293	5.3592	1.5215	1.4652	1.8868	0.4433	1.00	0.6495	1.0000	0.6495	0.25	1.40	0.6495	0.6500	OnHand
64	50.908	5.3592	1.5215	1.4652	1.6260	0.4054	1.00	0.5940	1.0000	0.5940	0.25	1.40	0.5940	0.6300	OnHand
65	51.417	5.3592	1.5215	1.4652	1.9685	0.4563	1.00	0.6686	1.0000	0.6686	0.25	1.40	0.6686	0.6400	OnHand
66	52.032	5.3592	1.5215	1.4652	1.6234	0.4050	1.00	0.5935	1.0000	0.5935	0.25	1.40	0.5935	0.6200	OnHand
67	52.562	5.3592	1.5215	1.4652	1.8832	0.4427	1.00	0.6486	1.0000	0.6486	0.25	1.40	0.6486	0.6300	OnHand
68	53.155	5.3592	1.5215	1.4652	1.6892	0.4140	1.00	0.6065	1.0000	0.6065	0.25	1.40	0.6065	0.6200	OnHand
69	53.664	5.3592	1.5215	1.4652	1.9646	0.4557	1.00	0.6676	1.0000	0.6676	0.25	1.40	0.6676	0.6300	OnHand
70	54.088	5.3592	1.5215	1.4652	2.3585	0.5222	1.00	0.7650	1.0000	0.7650	0.25	1.40	0.7650	0.6500	OnHand
71	54.787	5.3592	1.5215	1.4652	1.4306	0.3817	1.00	0.5592	1.0000	0.5592	0.25	1.40	0.5592	0.6400	OnHand
72	55.189	5.3592	1.5215	1.4652	2.4814	0.5429	1.00	0.7954	1.0000	0.7954	0.25	1.40	0.7954	0.6700	OnHand
73	55.931	5.3592	1.5215	1.4652	1.3477	0.3729	1.00	0.5464	1.0000	0.5464	0.25	1.40	0.5464	0.6600	OnHand
74	56.567	5.3592	1.5215	1.4652	1.5723	0.3984	1.00	0.5838	1.0000	0.5838	0.25	1.40	0.5838	0.6400	OnHand
75	57.076	5.3592	1.5215	1.4652	1.9685	0.4563	1.00	0.6686	1.0000	0.6686	0.25	1.40	0.6686	0.6300	OnHand
76	57.711	5.3592	1.5215	1.4652	1.5723	0.3984	1.00	0.5838	1.0000	0.5838	0.25	1.40	0.5838	0.6300	OnHand
77	58.223	5.3592	1.5215	1.4652	1.9608	0.4551	1.00	0.6667	1.0000	0.6667	0.25	1.40	0.6667	0.6000	OnHand
78	58.815	5.3592	1.5215	1.4652	1.6863	0.4136	1.00	0.6060	1.0000	0.6060	0.25	1.40	0.6060	0.6200	OnHand
79	59.366	5.3592	1.5215	1.4652	1.8149	0.4322	1.00	0.6333	1.0000	0.6333	0.25	1.40	0.6333	0.6300	OnHand
80	60.510	5.3592	1.5215	1.4652	0.8741	0.3377	1.00	0.4948	1.0000	0.4948	0.25	1.40	0.4948	0.5900	OnHand
81	61.126	5.3592	1.5215	1.4652	1.6260	0.4054	1.00	0.5940	1.0000	0.5940	0.25	1.40	0.5940	0.5900	OnHand
82	61.634	5.3592	1.5215	1.4652	1.9646	0.4557	1.00	0.6676	1.0000	0.6676	0.25	1.40	0.6676	0.5900	OnHand
83	62.270	5.3592	1.5215	1.4652	1.5723	0.3984	1.00	0.5838	1.0000	0.5838	0.25	1.40	0.5838	0.5900	OnHand
84	62.736	5.3592	1.5215	1.4652	2.1459	0.4858	1.00	0.7118	1.0000	0.7118	0.25	1.40	0.7118	0.6100	OnHand
85	63.393	5.3592	1.5215	1.4652	1.5221	0.3922	1.00	0.5747	1.0000	0.5747	0.25	1.40	0.5747	0.6200	OnHand
86	64.539	5.3592	1.5215	1.4652	0.8726	0.3377	1.00	0.4947	1.0000	0.4947	0.25	1.40	0.4947	0.6000	OnHand
87	65.068	5.3592	1.5215	1.4652	1.8904	0.4438	1.00	0.6503	1.0000	0.6503	0.25	1.40	0.6503	0.6000	OnHand
88	65.471	5.3592	1.5215	1.4652	2.4814	0.5429	1.00	0.7954	1.0000	0.7954	0.25	1.40	0.7954	0.6400	OnHand
89	66.065	5.3592	1.5215	1.4652	1.6863	0.4136	1.00	0.6060	1.0000	0.6060	0.25	1.40	0.6060	0.6200	OnHand
90	66.660	5.3592	1.5215	1.4652	1.6779	0.4124	1.00	0.6042	1.0000	0.6042	0.25	1.40	0.6042	0.6300	OnHand
91	68.799	5.3592	1.5215	1.4652	0.4675	0.3235	1.00	0.4739	1.0000	0.4739	0.25	1.40	0.4739	0.6200	OnHand
92	69.435	5.3592	1.5215	1.4652	1.5723	0.3984	1.00	0.5838	1.0000	0.5838	0.25	1.40	0.5838	0.6100	OnHand
93	69.970	5.3592	1.5215	1.4652	1.8657	0.4400	1.00	0.6446	1.0000	0.6446	0.25	1.40	0.6446	0.5800	OnHand
94	70.559	5.3592	1.5215	1.4652	1.7007	0.4156	1.00	0.6089	1.0000	0.6089	0.25	1.40	0.6089	0.5800	OnHand
95	71.067	5.3592	1.5215	1.4652	1.9685	0.4563	1.00	0.6686	1.0000	0.6686	0.25	1.40	0.6686	0.5900	OnHand
96	71.682	5.3592	1.5215	1.4652	1.6287	0.4057	1.00	0.5945	1.0000	0.5945	0.25	1.40	0.5945	0.6200	OnHand
97	72.210	5.3592	1.5215	1.4652	1.8868	0.4433	1.00	0.6495	1.0000	0.6495	0.25	1.40	0.6495	0.6300	OnHand
98	72.804	5.3592	1.5215	1.4652	1.6835	0.4132	1.00	0.6054	1.0000	0.6054	0.25	1.40	0.6054	0.6200	OnHand
99	73.336	5.3592	1.5215	1.4652	1.8868	0.4433	1.00	0.6495	1.0000	0.6495	0.25	1.40	0.6495	0.6300	OnHand
100	73.927	5.3592	1.5215	1.4652	1.6863	0.4136	1.00	0.6060	1.0000	0.6060	0.25	1.40	0.6060	0.6200	OnHand
101	74.479	5.3592	1.5215	1.4652	1.8116	0.4317	1.00	0.6325	1.0000	0.6325	0.25	1.40	0.6325	0.6200	OnHand
102	75.095	5.3592	1.5215	1.4652	1.6260	0.4054	1.00	0.5940	1.0000	0.5940	0.25	1.40	0.5940	0.6100	OnHand
103	75.645	5.3592	1.5215	1.4652	1.8182	0.4327	1.00	0.6340	1.0000	0.6340	0.25	1.40	0.6340	0.6200	OnHand
104	76.240	5.3592	1.5215	1.4652	1.6835	0.4132	1.00	0.6054	1.0000	0.6054	0.25	1.40	0.6054	0.6100	OnHand
105	76.727	5.3592	1.5215	1.4652	2.0492	0.4696	1.00	0.6880	1.0000	0.6880	0.25	1.40	0.6880	0.6300	OnHand
106	77.363	5.3592	1.5215	1.4652	1.5748	0.3988	1.00	0.5842	1.0000	0.5842	0.25	1.40	0.5842	0.6200	OnHand
107	77.871	5.3592	1.5215	1.4652	1.9646	0.4557	1.00	0.6676	1.0000	0.6676	0.25	1.40	0.6676	0.6300	OnHand
108	78.274	5.3592	1.5215	1.4652	2.4814	0.5429	1.00	0.7954	1.0000	0.7954	0.25	1.40	0.7954	0.6600	OnHand
109	78.974	5.3592	1.5215	1.4652	1.4286	0.3814	1.00	0.5589	1.0000	0.5589	0.25	1.40	0.5589	0.6500	OnHand
110	79.567	5.3592	1.5215	1.4652	1.6863	0.4136	1.00	0.6060	1.0000	0.6060	0.25	1.40	0.6060	0.6400	OnHand
111	80.076	5.3592	1.5215	1.4652	1.9646	0.4557	1.00	0.6676	1.0000	0.6676	0.25	1.40	0.6676	0.6500	OnHand
112	80.712	5.3592	1.5215	1.4652	1.5723	0.3984	1.00	0.5838	1.0000	0.5838	0.25	1.40	0.5838	0.6400	OnHand
113	81.243	5.3592	1.5215	1.4652	1.8868	0.4433	1.00	0.6495	1.0000	0.6495	0.25	1.40	0.6495	0.6100	OnHand
114	81.856	5.3592	1.5215	1.4652	1.6260	0.4054	1.00	0.5940	1.0000	0.5940	0.25	1.40	0.5940	0.6200	OnHand
115	82.365	5.3592	1.5215	1.4652	1.9685	0.4563	1.00	0.6686	1.0000	0.6686	0.25	1.40	0.6686	0.6300	OnHand
116	82.940	5.3592	1.5215	1.4652	1.7391	0.4210	1.00	0.6169	1.0000	0.6169	0.25	1.40	0.6169	0.6200	OnHand
117	83.446	5.3592	1.5215	1.4652	1.9763	0.4576	1.00	0.6704	1.0000	0.6704	0.25	1.40	0.6704	0.6300	OnHand
118	84.040	5.3592	1.5215	1.4652	1.6835	0.4132	1.00	0.6054	1.0000	0.6054	0.25	1.40	0.6054	0.6300	OnHand
119	84.569	5.3592	1.5215	1.4652	1.8868	0.4433	1.00	0.6495	1.0000	0.6495	0.25	1.40	0.6495	0.6400	OnHand
120	85.163	5.3592	1.5215	1.4652	1.6863	0.4136	1.00	0.6060	1.0000	0.6060	0.25	1.40	0.6060	0.6200	OnHand
121	85.672	5.3592	1.5215	1.4652	1.9646	0.4557	1.00	0.6676	1.0000	0.6676	0.25	1.40	0.6676	0.6300	OnHand
122	86.287	5.3592	1.5215	1.4652	1.6260	0.4054	1.00	0.5940	1.0000	0.5940	0.25	1.40	0.5940	0.6200	OnHand
123	86.774	5.3592	1.5215	1.4652	2.0534	0.4703	1.00	0.6890	1.0000	0.6890	0.25	1.40	0.6890	0.6400	OnHand
124	87.368	5.3592	1.5215	1.4652	1.6835	0.4132	1.00	0.6054	1.0000	0.6054	0.25	1.40	0.6054	0.6300	OnHand
125	87.876	5.3592	1.5215	1.4652	1.9685	0.4563	1.00	0.6686	1.0000	0.6686	0.25	1.40	0.6686	0.6400	OnHand
126	88.471	5.3592	1.5215	1.4652	1.6835	0.4132	1.00	0.6054	1.0000	0.6054	0.25	1.40	0.6054	0.6300	OnHand
127	88.978	5.3592	1.5215	1.4652	1.9685	0.4563	1.00	0.6686	1.0000	0.6686	0.25	1.40	0.6686	0.6400	OnHand
128	89.571	5.3592	1.5215	1.4652	1.6835	0.4132	1.00	0.6054	1.0000	0.6054	0.25	1.40	0.6054	0.6300	OnHand
129	90.081	5.3592	1.5215	1.4652	1.9646	0.4557	1.00	0.6676	1.0000	0.6676	0.25	1.40	0.6676	0.6400	OnHand
130	90.696	5.3592	1.5215	1.4652	1.6260	0.4054	1.00	0.5940	1.0000	0.5940	0.25	1.40	0.5940	0.6200	OnHand
131	91.204	5.3592	1.5215	1.4652	1.9685	0.4563	1.00	0.6686	1.0000	0.6686	0.25	1.40	0.6686	0.6400	OnHand
132	91.799	5.3592	1.5215	1.4652	1.6807	0.4128	1.00	0.6048	1.0000	0.6048	0.25	1.40	0.6048	0.6200	OnHand
133	92.349	5.3592	1.5215	1.4652	1.8182	0.4327	1.00	0.6340	1.0000	0.6340	0.25	1.40	0.6340	0.6300	OnHand
134	92.942	5.3592	1.5215	1.4652	1.6863	0.4136	1.00	0.6060	1.0000	0.6060	0.25	1.40	0.6060	0.6200	OnHand
135	93.451	5.3592	1.5215	1.4652	1.9646	0.4557	1.00	0.6676	1.0000	0.6676	0.25	1.40	0.6676	0.6300	OnHand
136	94.044	5.3592	1.5215	1.4652	1.6835	0.4132	1.00	0.6054	1.0000	0.6054	0.25	1.40	0.6054	0.6200	OnHand
137	94.553	5.3592	1.5215	1.4652	1.9646	0.4557	1.00	0.6676	1.0000	0.6676	0.25	1.40	0.6676	0.6300	OnHand
138	95.105	5.3592	1.5215	1.4652	1.8149	0.4322	1.00	0.6333	1.0000	0.6333	0.25	1.40	0.6333	0.6300	OnHand
139	95.634	5.3592	1.5215	1.4652	1.8904	0.4438	1.00	0.6503	1.0000	0.6503	0.25	1.40	0.6503	0.6400	OnHand
140	96.249	5.3592	1.5215	1.4652	1.6234	0.4050	1.00	0.5935	1.0000	0.5935	0.25	1.40	0.5935	0.6300	OnHand
141	96.779	5.3592	1.5215	1.4652	1.8904	0.4438	1.00	0.6503	1.0000	0.6503	0.25	1.40	0.6503	0.6300	OnHand
142	97.351	5.3592	1.5215	1.4652	1.7452	0.4219	1.00	0.6182	1.0000	0.6182	0.25	1.40	0.6182	0.6200	OnHand
143	97.859	5.3592	1.5215	1.4652	1.9685	0.4563	1.00	0.6686	1.0000	0.6686	0.25	1.40	0.6686	0.6300	OnHand
144	98.476	5.3592	1.5215	1.4652	1.6260	0.4054	1.00	0.5940	1.0000	0.5940	0.25	1.40	0.5940	0.6200	OnHand
145	98.963	5.3592	1.5215	1.4652	2.0492	0.4696	1.00	0.6880	1.0000	0.6880	0.25	1.40	0.6880	0.6400	OnHand
146	99.556	5.3592	1.5215	1.4652	1.6863	0.4136	1.00	0.6060	1.0000	0.6060	0.25	1.40	0.6060	0.6300	OnHand
147	100.065	5.3592	1.5215	1.4652	1.9646	0.4557	1.00	0.6676	1.0000	0.6676	0.25	1.40	0.6676	0.6400	OnHand
148	100.680	5.3592	1.5215	1.4652	1.6260	0.4054	1.00	0.5940	1.0000	0.5940	0.25	1.40	0.5940	0.6200	OnHand
149	101.146	5.3592	1.5215	1.4652	2.1459	0.4858	1.00	0.7118	1.0000	0.7118	0.25	1.40	0.7118	0.6500	OnHand
150	101.739	5.3592	1.5215	1.4652	1.6863	0.4136	1.00	0.6060	1.0000	0.6060	0.25	1.40	0.6060	0.6300	OnHand
151	102.248	5.3592	1.5215	1.4652	1.9646	0.4557	1.00	0.6676	1.0000	0.6676	0.25	1.40	0.6676	0.6400	OnHand
152	102.841	5.3592	1.5215	1.4652	1.6835	0.4132	1.00	0.6054	1.0000	0.6054	0.25	1.40	0.6054	0.6300	OnHand
153	103.308	5.4448	1.5275	1.4670	2.1459	0.4858	1.00	0.7127	1.0000	0.7127	0.25	1.40	0.7127	0.6600	OnHand
154	103.944	5.4448	1.5275	1.4670	1.5723	0.3984	1.00	0.5845	1.0000	0.5845	0.25	1.40	0.5845	0.6300	OnHand
155	104.411	5.4448	1.5275	1.4670	2.1459	0.4858	1.00	0.7127	1.0000	0.7127	0.25	1.40	0.7127	0.6500	OnHand
156	105.004	5.4448	1.5275	1.4670	1.6835	0.4132	1.00	0.6061	1.0000	0.6061	0.25	1.40	0.6061	0.6400	OnHand
157	105.491	5.4448	1.5275	1.4670	2.0534	0.4703	1.00	0.6899	1.0000	0.6899	0.25	1.40	0.6899	0.6600	OnHand
158	106.105	5.4448	1.5275	1.4670	1.6260	0.4054	1.00	0.5947	1.0000	0.5947	0.25	1.40	0.5947	0.6300	OnHand
159	106.572	5.4891	1.5306	1.4679	2.1413	0.4851	1.00	0.7120	1.0000	0.7120	0.25	1.40	0.7120	0.6600	OnHand
160	107.208	5.4891	1.5306	1.4679	1.5748	0.3988	1.00	0.5853	1.0000	0.5853	0.25	1.40	0.5853	0.6300	OnHand
161	107.655	5.4891	1.5306	1.4679	2.2371	0.5014	1.00	0.7360	1.0000	0.7360	0.25	1.40	0.7360	0.6600	OnHand
162	108.246	5.4891	1.5306	1.4679	1.6892	0.4140	1.00	0.6077	1.0000	0.6077	0.25	1.40	0.6077	0.6400	OnHand
163	108.778	5.4891	1.5306	1.4679	1.8797	0.4422	1.00	0.6490	1.0000	0.6490	0.25	1.40	0.6490	0.6500	OnHand
164	109.350	5.5360	1.5339	1.4689	1.7513	0.4228	1.00	0.6210	1.0000	0.6210	0.25	1.40	0.6210	0.6300	OnHand
165	109.880	5.5360	1.5339	1.4689	1.8868	0.4433	1.00	0.6511	1.0000	0.6511	0.25	1.40	0.6511	0.6500	OnHand
166	110.432	5.5360	1.5339	1.4689	1.8149	0.4322	1.00	0.6349	1.0000	0.6349	0.25	1.40	0.6349	0.6300	OnHand
167	110.919	5.5360	1.5339	1.4689	2.0492	0.4696	1.00	0.6897	1.0000	0.6897	0.25	1.40	0.6897	0.6400	OnHand
168	111.490	5.5360	1.5339	1.4689	1.7483	0.4224	1.00	0.6204	1.0000	0.6204	0.25	1.40	0.6204	0.6400	OnHand
169	112.020	5.5360	1.5339	1.4689	1.8904	0.4438	1.00	0.6519	1.0000	0.6519	0.25	1.40	0.6519	0.6400	OnHand
170	112.572	5.5360	1.5339	1.4689	1.8116	0.4317	1.00	0.6341	1.0000	0.6341	0.25	1.40	0.6341	0.6400	OnHand
171	113.101	5.5360	1.5339	1.4689	1.8868	0.4433	1.00	0.6511	1.0000	0.6511	0.25	1.40	0.6511	0.6400	OnHand
172	113.673	5.5360	1.5339	1.4689	1.7513	0.4228	1.00	0.6210	1.0000	0.6210	0.25	1.40	0.6210	0.6300	OnHand
173	114.225	5.5360	1.5339	1.4689	1.8116	0.4317	1.00	0.6341	1.0000	0.6341	0.25	1.40	0.6341	0.6300	OnHand
174	114.819	5.5360	1.5339	1.4689	1.6807	0.4128	1.00	0.6063	1.0000	0.6063	0.25	1.40	0.6063	0.6200	OnHand
175	115.306	5.5360	1.5339	1.4689	2.0576	0.4710	1.00	0.6918	1.0000	0.6918	0.25	1.40	0.6918	0.6400	OnHand
176	115.899	5.5360	1.5339	1.4689	1.6835	0.4132	1.00	0.6069	1.0000	0.6069	0.25	1.40	0.6069	0.6300	OnHand
177	116.388	5.5360	1.5339	1.4689	2.0492	0.4696	1.00	0.6897	1.0000	0.6897	0.25	1.40	0.6897	0.6400	OnHand
178	117.001	5.5360	1.5339	1.4689	1.6287	0.4057	1.00	0.5960	1.0000	0.5960	0.25	1.40	0.5960	0.6300	OnHand
179	117.490	5.5360	1.5339	1.4689	2.0492	0.4696	1.00	0.6897	1.0000	0.6897	0.25	1.40	0.6897	0.6500	OnHand
180	118.061	5.5360	1.5339	1.4689	1.7483	0.4224	1.00	0.6204	1.0000	0.6204	0.25	1.40	0.6204	0.6400	OnHand
181	118.592	5.5360	1.5339	1.4689	1.8868	0.4433	1.00	0.6511	1.0000	0.6511	0.25	1.40	0.6511	0.6400	OnHand
182	119.164	5.5360	1.5339	1.4689	1.7483	0.4224	1.00	0.6204	1.0000	0.6204	0.25	1.40	0.6204	0.6300	OnHand
183	119.672	5.5360	1.5339	1.4689	1.9685	0.4563	1.00	0.6703	1.0000	0.6703	0.25	1.40	0.6703	0.6500	OnHand
184	120.203	5.5360	1.5339	1.4689	1.8832	0.4427	1.00	0.6503	1.0000	0.6503	0.25	1.40	0.6503	0.6400	OnHand
185	120.734	5.5360	1.5339	1.4689	1.8868	0.4433	1.00	0.6511	1.0000	0.6511	0.25	1.40	0.6511	0.6400	OnHand
186	121.326	5.5360	1.5339	1.4689	1.6863	0.4136	1.00	0.6075	1.0000	0.6075	0.25	1.40	0.6075	0.6300	OnHand
187	121.836	5.5586	1.5355	1.4693	1.9646	0.4557	1.00	0.6695	1.0000	0.6695	0.25	1.40	0.6695	0.6400	OnHand
188	122.406	5.5586	1.5355	1.4693	1.7483	0.4224	1.00	0.6206	1.0000	0.6206	0.25	1.40	0.6206	0.6300	OnHand
189	122.916	5.7831	1.5507	1.4739	1.9646	0.4557	1.00	0.6716	1.0000	0.6716	0.25	1.40	0.6716	0.6400	OnHand
190	123.467	5.7831	1.5507	1.4739	1.8149	0.4322	1.00	0.6370	1.0000	0.6370	0.25	1.40	0.6370	0.6400	OnHand
191	123.998	5.7831	1.5507	1.4739	1.8832	0.4427	1.00	0.6525	1.0000	0.6525	0.25	1.40	0.6525	0.6500	OnHand
192	124.548	5.7831	1.5507	1.4739	1.8182	0.4327	1.00	0.6378	1.0000	0.6378	0.25	1.40	0.6378	0.6400	OnHand
193	125.036	5.7831	1.5507	1.4739	2.0492	0.4696	1.00	0.6921	1.0000	0.6921	0.25	1.40	0.6921	0.6500	OnHand
194	125.586	5.7831	1.5507	1.4739	1.8149	0.4322	1.00	0.6370	1.0000	0.6370	0.25	1.40	0.6370	0.6500	OnHand
195	126.119	5.7831	1.5507	1.4739	1.8832	0.4427	1.00	0.6525	1.0000	0.6525	0.25	1.40	0.6525	0.6500	OnHand
196	126.731	5.7831	1.5507	1.4739	1.6313	0.4061	1.00	0.5986	1.0000	0.5986	0.25	1.40	0.5986	0.6400	OnHand
197	127.219	6.1164	1.5726	1.4805	2.0492	0.4696	1.00	0.6952	1.0000	0.6952	0.25	1.40	0.6952	0.6500	OnHand
198	127.769	6.1164	1.5726	1.4805	1.8149	0.4322	1.00	0.6399	1.0000	0.6399	0.25	1.40	0.6399	0.6400	OnHand
199	128.301	6.1164	1.5726	1.4805	1.8832	0.4427	1.00	0.6554	1.0000	0.6554	0.25	1.40	0.6554	0.6400	OnHand
200	128.893	6.1164	1.5726	1.4805	1.6863	0.4136	1.00	0.6123	1.0000	0.6123	0.25	1.40	0.6123	0.6400	OnHand
201	129.402	6.1164	1.5726	1.4805	1.9685	0.4563	1.00	0.6756	1.0000	0.6756	0.25	1.40	0.6756	0.6500	OnHand
202	129.953	6.1164	1.5726	1.4805	1.8149	0.4322	1.00	0.6399	1.0000	0.6399	0.25	1.40	0.6399	0.6400	OnHand
203	130.526	6.1164	1.5726	1.4805	1.7452	0.4219	1.00	0.6246	1.0000	0.6246	0.25	1.40	0.6246	0.6400	OnHand
204	131.079	6.1164	1.5726	1.4805	1.8116	0.4317	1.00	0.6391	1.0000	0.6391	0.25	1.40	0.6391	0.6300	OnHand
205	131.566	6.1164	1.5726	1.4805	2.0534	0.4703	1.00	0.6962	1.0000	0.6962	0.25	1.40	0.6962	0.6500	OnHand
206	132.179	6.1164	1.5726	1.4805	1.6287	0.4057	1.00	0.6007	1.0000	0.6007	0.25	1.40	0.6007	0.6400	OnHand
207	132.688	6.1164	1.5726	1.4805	1.9646	0.4557	1.00	0.6746	1.0000	0.6746	0.25	1.40	0.6746	0.6400	OnHand
208	133.112	6.1164	1.5726	1.4805	2.3585	0.5222	1.00	0.7731	1.0000	0.7731	0.25	1.40	0.7731	0.6700	OnHand
209	133.662	6.1164	1.5726	1.4805	1.8149	0.4322	1.00	0.6399	1.0000	0.6399	0.25	1.40	0.6399	0.6700	OnHand
210	134.235	6.1164	1.5726	1.4805	1.7483	0.4224	1.00	0.6253	1.0000	0.6253	0.25	1.40	0.6253	0.6600	OnHand
211	135.869	6.1164	1.5726	1.4805	0.6116	0.3272	1.00	0.4845	1.0000	0.4845	0.25	1.40	0.4845	0.6300	OnHand
212	136.461	6.1164	1.5726	1.4805	1.6920	0.4144	1.00	0.6135	1.0000	0.6135	0.25	1.40	0.6135	0.6200	OnHand
213	137.054	6.1164	1.5726	1.4805	1.6835	0.4132	1.00	0.6117	1.0000	0.6117	0.25	1.40	0.6117	0.5900	OnHand
214	137.564	6.1164	1.5726	1.4805	1.9685	0.4563	1.00	0.6756	1.0000	0.6756	0.25	1.40	0.6756	0.6000	OnHand
215	138.113	6.1164	1.5726	1.4805	1.8149	0.4322	1.00	0.6399	1.0000	0.6399	0.25	1.40	0.6399	0.6000	OnHand
216	138.643	6.1164	1.5726	1.4805	1.8868	0.4433	1.00	0.6563	1.0000	0.6563	0.25	1.40	0.6563	0.6300	OnHand
217	139.259	6.1164	1.5726	1.4805	1.6260	0.4054	1.00	0.6002	1.0000	0.6002	0.25	1.40	0.6002	0.6300	OnHand
218	139.725	6.1164	1.5726	1.4805	2.1459	0.4858	1.00	0.7193	1.0000	0.7193	0.25	1.40	0.7193	0.6500	OnHand
219	140.339	6.1164	1.5726	1.4805	1.6260	0.4054	1.00	0.6002	1.0000	0.6002	0.25	1.40	0.6002	0.6400	OnHand
220	140.828	6.1164	1.5726	1.4805	2.0492	0.4696	1.00	0.6952	1.0000	0.6952	0.25	1.40	0.6952	0.6500	OnHand
221	141.441	6.1164	1.5726	1.4805	1.6287	0.4057	1.00	0.6007	1.0000	0.6007	0.25	1.40	0.6007	0.6400	OnHand
222	141.908	6.1164	1.5726	1.4805	2.1459	0.4858	1.00	0.7193	1.0000	0.7193	0.25	1.40	0.7193	0.6600	OnHand
223	142.484	6.1164	1.5726	1.4805	1.7331	0.4202	1.00	0.6221	1.0000	0.6221	0.25	1.40	0.6221	0.6400	OnHand
224	143.011	6.1164	1.5726	1.4805	1.9011	0.4455	1.00	0.6596	1.0000	0.6596	0.25	1.40	0.6596	0.6500	OnHand
225	143.689	6.1164	1.5726	1.4805	1.4749	0.3867	1.00	0.5724	1.0000	0.5724	0.25	1.40	0.5724	0.6300	OnHand
226	144.113	6.1164	1.5726	1.4805	2.3529	0.5212	1.00	0.7717	1.0000	0.7717	0.25	1.40	0.7717	0.6600	OnHand
227	144.643	6.1164	1.5726	1.4805	1.8904	0.4438	1.00	0.6571	1.0000	0.6571	0.25	1.40	0.6571	0.6500	OnHand
228	145.746	6.1164	1.5726	1.4805	0.9066	0.3394	1.00	0.5025	1.0000	0.5025	0.25	1.40	0.5025	0.6300	OnHand
229	146.210	6.1164	1.5726	1.4805	2.1505	0.4866	1.00	0.7204	1.0000	0.7204	0.25	1.40	0.7204	0.6400	OnHand
230	146.805	6.1164	1.5726	1.4805	1.6835	0.4132	1.00	0.6117	1.0000	0.6117	0.25	1.40	0.6117	0.6500	OnHand
231	147.314	6.1164	1.5726	1.4805	1.9646	0.4557	1.00	0.6746	1.0000	0.6746	0.25	1.40	0.6746	0.6300	OnHand
232	147.844	6.1164	1.5726	1.4805	1.8868	0.4433	1.00	0.6563	1.0000	0.6563	0.25	1.40	0.6563	0.6300	OnHand
233	148.353	6.1164	1.5726	1.4805	1.9646	0.4557	1.00	0.6746	1.0000	0.6746	0.25	1.40	0.6746	0.6600	OnHand
234	148.903	6.1164	1.5726	1.4805	1.8149	0.4322	1.00	0.6399	1.0000	0.6399	0.25	1.40	0.6399	0.6500	OnHand
235	149.433	6.1164	1.5726	1.4805	1.8904	0.4438	1.00	0.6571	1.0000	0.6571	0.25	1.40	0.6571	0.6600	OnHand
236	149.985	6.1164	1.5726	1.4805	1.8116	0.4317	1.00	0.6391	1.0000	0.6391	0.25	1.40	0.6391	0.6500	OnHand
237	150.472	6.1164	1.5726	1.4805	2.0492	0.4696	1.00	0.6952	1.0000	0.6952	0.25	1.40	0.6952	0.6600	OnHand
238	151.088	6.1164	1.5726	1.4805	1.6260	0.4054	1.00	0.6002	1.0000	0.6002	0.25	1.40	0.6002	0.6400	OnHand
239	151.596	6.1164	1.5726	1.4805	1.9685	0.4563	1.00	0.6756	1.0000	0.6756	0.25	1.40	0.6756	0.6500	OnHand
240	152.189	6.1164	1.5726	1.4805	1.6863	0.4136	1.00	0.6123	1.0000	0.6123	0.25	1.40	0.6123	0.6400	OnHand
241	152.682	6.1164	1.5726	1.4805	2.0284	0.4661	1.00	0.6901	1.0000	0.6901	0.25	1.40	0.6901	0.6500	OnHand
242	153.271	6.1164	1.5726	1.4805	1.7007	0.4156	1.00	0.6153	1.0000	0.6153	0.25	1.40	0.6153	0.6300	OnHand
243	154.160	6.1164	1.5726	1.4805	1.1236	0.3533	1.00	0.5230	1.0000	0.5230	0.25	1.40	0.5230	0.6200	OnHand
244	154.903	6.1164	1.5726	1.4805	1.3477	0.3729	1.00	0.5521	1.0000	0.5521	0.25	1.40	0.5521	0.5900	OnHand
245	155.347	6.1164	1.5726	1.4805	2.2422	0.5023	1.00	0.7436	1.0000	0.7436	0.25	1.40	0.7436	0.6200	OnHand
246	156.067	6.1164	1.5726	1.4805	1.3889	0.3772	1.00	0.5584	1.0000	0.5584	0.25	1.40	0.5584	0.5900	OnHand
247	156.620	6.1164	1.5726	1.4805	1.8116	0.4317	1.00	0.6391	1.0000	0.6391	0.25	1.40	0.6391	0.6000	OnHand
248	157.170	6.1164	1.5726	1.4805	1.8149	0.4322	1.00	0.6399	1.0000	0.6399	0.25	1.40	0.6399	0.6200	OnHand
249	157.764	6.1164	1.5726	1.4805	1.6863	0.4136	1.00	0.6123	1.0000	0.6123	0.25	1.40	0.6123	0.6300	OnHand
250	158.250	6.1164	1.5726	1.4805	2.0534	0.4703	1.00	0.6962	1.0000	0.6962	0.25	1.40	0.6962	0.6200	OnHand
251	158.868	6.1164	1.5726	1.4805	1.6260	0.4054	1.00	0.6002	1.0000	0.6002	0.25	1.40	0.6002	0.6300	OnHand
252	159.377	6.1164	1.5726	1.4805	1.9646	0.4557	1.00	0.6746	1.0000	0.6746	0.25	1.40	0.6746	0.6400	OnHand
253	159.989	6.1164	1.5726	1.4805	1.6260	0.4054	1.00	0.6002	1.0000	0.6002	0.25	1.40	0.6002	0.6300	OnHand
254	160.497	6.1164	1.5726	1.4805	1.9685	0.4563	1.00	0.6756	1.0000	0.6756	0.25	1.40	0.6756	0.6400	OnHand
255	161.093	6.1164	1.5726	1.4805	1.6807	0.4128	1.00	0.6111	1.0000	0.6111	0.25	1.40	0.6111	0.6300	OnHand
256	161.601	6.1164	1.5726	1.4805	1.9685	0.4563	1.00	0.6756	1.0000	0.6756	0.25	1.40	0.6756	0.6400	OnHand
257	162.237	6.1164	1.5726	1.4805	1.5699	0.3981	1.00	0.5894	1.0000	0.5894	0.25	1.40	0.5894	0.6300	OnHand
258	162.745	6.1164	1.5726	1.4805	1.9685	0.4563	1.00	0.6756	1.0000	0.6756	0.25	1.40	0.6756	0.6400	OnHand
259	163.360	6.1164	1.5726	1.4805	1.6287	0.4057	1.00	0.6007	1.0000	0.6007	0.25	1.40	0.6007	0.6300	OnHand
260	164.441	6.1164	1.5726	1.4805	0.9251	0.3404	1.00	0.5040	1.0000	0.5040	0.25	1.40	0.5040	0.6000	OnHand
261	164.992	6.1164	1.5726	1.4805	1.8116	0.4317	1.00	0.6391	1.0000	0.6391	0.25	1.40	0.6391	0.6000	OnHand
262	165.586	6.1164	1.5726	1.4805	1.6835	0.4132	1.00	0.6117	1.0000	0.6117	0.25	1.40	0.6117	0.6000	OnHand
263	166.138	6.1164	1.5726	1.4805	1.8149	0.4322	1.00	0.6399	1.0000	0.6399	0.25	1.40	0.6399	0.5900	OnHand
264	166.709	6.1164	1.5726	1.4805	1.7513	0.4228	1.00	0.6259	1.0000	0.6259	0.25	1.40	0.6259	0.6000	OnHand
265	167.832	6.1164	1.5726	1.4805	0.8897	0.3385	1.00	0.5012	1.0000	0.5012	0.25	1.40	0.5012	0.6000	OnHand
266	168.362	6.1164	1.5726	1.4805	1.8868	0.4433	1.00	0.6563	1.0000	0.6563	0.25	1.40	0.6563	0.6000	OnHand
267	168.978	6.1164	1.5726	1.4805	1.6234	0.4050	1.00	0.5997	1.0000	0.5997	0.25	1.40	0.5997	0.6000	OnHand
268	169.487	6.1164	1.5726	1.4805	1.9724	0.4569	1.00	0.6765	1.0000	0.6765	0.25	1.40	0.6765	0.6100	OnHand
269	169.889	6.1164	1.5726	1.4805	2.4814	0.5429	1.00	0.8038	1.0000	0.8038	0.25	1.40	0.8038	0.6400	OnHand
270	171.140	6.1164	1.5726	1.4805	0.7994	0.3342	1.00	0.4948	1.0000	0.4948	0.25	1.40	0.4948	0.6400	OnHand
271	171.670	6.1164	1.5726	1.4805	1.8868	0.4433	1.00	0.6563	1.0000	0.6563	0.25	1.40	0.6563	0.6400	OnHand
272	172.241	6.1164	1.5726	1.4805	1.7483	0.4224	1.00	0.6253	1.0000	0.6253	0.25	1.40	0.6253	0.6500	OnHand
273	172.772	6.1164	1.5726	1.4805	1.8868	0.4433	1.00	0.6563	1.0000	0.6563	0.25	1.40	0.6563	0.6400	OnHand
274	173.323	6.1164	1.5726	1.4805	1.8116	0.4317	1.00	0.6391	1.0000	0.6391	0.25	1.40	0.6391	0.6100	OnHand
275	173.873	6.1164	1.5726	1.4805	1.8182	0.4327	1.00	0.6406	1.0000	0.6406	0.25	1.40	0.6406	0.6400	OnHand
276	174.445	6.1164	1.5726	1.4805	1.7483	0.4224	1.00	0.6253	1.0000	0.6253	0.25	1.40	0.6253	0.6300	OnHand
277	174.975	6.1164	1.5726	1.4805	1.8868	0.4433	1.00	0.6563	1.0000	0.6563	0.25	1.40	0.6563	0.6400	OnHand
278	175.526	6.1164	1.5726	1.4805	1.8149	0.4322	1.00	0.6399	1.0000	0.6399	0.25	1.40	0.6399	0.6400	OnHand
279	176.016	6.1164	1.5726	1.4805	2.0450	0.4689	1.00	0.6942	1.0000	0.6942	0.25	1.40	0.6942	0.6500	OnHand
280	176.609	6.1164	1.5726	1.4805	1.6863	0.4136	1.00	0.6123	1.0000	0.6123	0.25	1.40	0.6123	0.6400	OnHand
281	177.096	6.1164	1.5726	1.4805	2.0534	0.4703	1.00	0.6962	1.0000	0.6962	0.25	1.40	0.6962	0.6500	OnHand
282	177.689	6.1164	1.5726	1.4805	1.6863	0.4136	1.00	0.6123	1.0000	0.6123	0.25	1.40	0.6123	0.6500	OnHand
283	178.156	6.1164	1.5726	1.4805	2.1413	0.4851	1.00	0.7181	1.0000	0.7181	0.25	1.40	0.7181	0.6600	OnHand
284	178.770	6.1164	1.5726	1.4805	1.6260	0.4054	1.00	0.6002	1.0000	0.6002	0.25	1.40	0.6002	0.6400	OnHand
285	179.257	6.1164	1.5726	1.4805	2.0534	0.4703	1.00	0.6962	1.0000	0.6962	0.25	1.40	0.6962	0.6600	OnHand
286	179.788	6.1164	1.5726	1.4805	1.8868	0.4433	1.00	0.6563	1.0000	0.6563	0.25	1.40	0.6563	0.6500	OnHand
287	180.338	6.1164	1.5726	1.4805	1.8149	0.4322	1.00	0.6399	1.0000	0.6399	0.25	1.40	0.6399	0.6600	OnHand
288	180.762	6.1164	1.5726	1.4805	2.3585	0.5222	1.00	0.7731	1.0000	0.7731	0.25	1.40	0.7731	0.6700	OnHand
289	181.419	6.1164	1.5726	1.4805	1.5221	0.3922	1.00	0.5807	1.0000	0.5807	0.25	1.40	0.5807	0.6600	OnHand
290	182.015	6.1164	1.5726	1.4805	1.6835	0.4132	1.00	0.6117	1.0000	0.6117	0.25	1.40	0.6117	0.6500	OnHand
291	182.543	6.1164	1.5726	1.4805	1.8868	0.4433	1.00	0.6563	1.0000	0.6563	0.25	1.40	0.6563	0.6500	OnHand
292	183.140	6.1164	1.5726	1.4805	1.6779	0.4124	1.00	0.6106	1.0000	0.6106	0.25	1.40	0.6106	0.6400	OnHand
293	183.646	6.1164	1.5726	1.4805	1.9763	0.4576	1.00	0.6774	1.0000	0.6774	0.25	1.40	0.6774	0.6200	OnHand
294	184.048	6.1164	1.5726	1.4805	2.4814	0.5429	1.00	0.8038	1.0000	0.8038	0.25	1.40	0.8038	0.6700	OnHand
295	184.748	6.1164	1.5726	1.4805	1.4306	0.3817	1.00	0.5650	1.0000	0.5650	0.25	1.40	0.5650	0.6600	OnHand
296	185.659	6.1164	1.5726	1.4805	1.0965	0.3513	1.00	0.5201	1.0000	0.5201	0.25	1.40	0.5201	0.6300	OnHand
297	186.252	6.1164	1.5726	1.4805	1.6863	0.4136	1.00	0.6123	1.0000	0.6123	0.25	1.40	0.6123	0.6300	OnHand
298	186.804	6.1164	1.5726	1.4805	1.8149	0.4322	1.00	0.6399	1.0000	0.6399	0.25	1.40	0.6399	0.6200	OnHand
299	187.652	6.1164	1.5726	1.4805	1.1792	0.3576	1.00	0.5295	1.0000	0.5295	0.25	1.40	0.5295	0.5700	OnHand
300	203.867	6.1164	1.5726	1.4805	0.0617	0.3178	1.00	0.4705	1.0000	0.4705	0.25	1.40	0.4705	0.5500	OnHand
301	206.114	6.1164	1.5726	1.4805	0.4450	0.3230	1.00	0.4781	1.0000	0.4781	0.25	1.40	0.4781	0.5400	OnHand
